222
0.3491824742095539 0.4278686588438726 -5.113305326893969E-4 -0.002141249048284326 0.0070229794063770825 0.40871813274627405 255 0 0
0.45135345069903965 0.6370472083374455 2.734328450945721E-4 -0.0024262575733928517 0.007652863758079066 0.4131963376016334 255 0 0
0.10869142272089408 0.11276365227733547 0.0017424912183161903 -0.001358593306281135 0.00504212712687002 0.4111898540362695 255 0 0
0.37611657421375405 0.04309058353894791 0.004330509808352457 0.004040230955052589 0.005599848765563622 0.4437965214451187 255 0 0
0.27353649070465375 0.6241682742889627 -0.0022649349112648398 -0.0029816669992163416 0.006890120225630959 0.4891141461389664 255 0 0
0.4629067184487375 0.4186303218468978 -6.15349963828905E-5 6.7313575553247E-4 0.009900714410372928 0.42467031499355495 255 0 0
0.14646956224247298 0.8858175954765904 -0.0018335777335446602 -0.0023211763293701326 0.006202557921337754 0.404068144750235 255 0 0
0.38083603304184505 0.2478827136964431 -0.004336273688503323 -0.004250524945466789 0.008363629714100285 0.47892326293153925 255 0 0
0.3097294246255961 0.5693579646297956 6.542757445796125E-4 0.0028690939760678174 0.007726777360761037 0.4519682252609669 255 0 0
0.16117354056093666 0.9228115624024966 -0.004742087740976785 8.245082952880959E-4 0.006224132081308289 0.46525200865998423 255 0 0
0.04860147755990406 0.58578978277365 -0.0019839628863096326 0.004590500927512601 0.009262761278594486 0.4196997183338764 255 0 0
0.07976361627169286 0.8452709196514958 -0.003692562825130725 0.0025546343534769153 0.007967744087752365 0.42964355829012224 255 0 0
0.27146768519058584 0.5012812950686075 -0.004190811018414083 3.167557402813251E-4 0.007660179747883563 0.4337007696828058 255 0 0
0.34519637432777417 0.6920784233252483 -0.003512123355008977 0.0012086820524272414 0.006438322923341067 0.4866553391486224 255 0 0
0.14068557993950764 0.5853321049096374 -0.004174735422449176 -0.004924721070604269 0.005039016519174229 0.4255827055372733 255 0 0
0.3378404665264337 0.9339664432041332 0.004240418130497431 0.0040301334713167365 0.0058121907741896794 0.44681349603153137 255 0 0
0.16720968914047796 0.5477019335799953 -0.0016637978255229914 -0.0013930010150443595 0.007031111711625277 0.4126232725574916 255 0 0
0.31498548208789795 0.6527960316334974 -2.4002090332248503E-4 -7.992953606394985E-4 0.005882351446452822 0.47160835558739217 255 0 0
0.45856771060926754 0.2589588449265724 4.3285728869272167E-4 -0.0018744773252406498 0.007188587719170676 0.4730978901549623 255 0 0
0.09560286699957359 0.6648555053076359 0.004694350291481057 0.00468110247383803 0.005180106295680798 0.46188229115904234 255 0 0
0.30462811235840914 0.9179372073183356 7.739703431935896E-4 0.004940756957487319 0.005772505710225772 0.48791808942037573 255 0 0
0.08462095649839727 0.8115039687663149 0.004900981673753291 -0.004332332458997485 0.009763140954727304 0.46909673801048174 255 0 0
0.3985449851715465 0.30783455348590083 0.0024799035422550407 -0.003106302304804293 0.00692123348098384 0.4209251318761795 255 0 0
0.07112156730059666 0.38185652498462275 -7.2077023199283025E-6 0.004804000141479065 0.00801966151359208 0.4620314144465074 255 0 0
0.12134038023313588 0.8111128583007455 -0.004241022789931331 -0.0018317570320323462 0.00570289099949505 0.42044073237148416 255 0 0
0.0975020171742185 0.5456464234410973 -0.0037733424684558694 6.245589022087807E-4 0.0095774164096445 0.4839102853287243 255 0 0
0.2877831537953252 0.051808119858347365 1.452517500052956E-4 0.003602524809250953 0.005779867468657335 0.44430574633359216 255 0 0
0.38740864849309636 0.0778359658394356 -0.004452010704380356 0.001982615154228179 0.008364448932489546 0.4967651643689527 255 0 0
0.31854818260664947 0.5222888811865772 0.0029551128100627775 -0.0038835963916914193 0.009355791543911791 0.43964153883686086 255 0 0
0.059134071932711696 0.30998621481944205 0.0033020861885155626 -5.721676902364714E-4 0.006045182997155004 0.43103927362424704 255 0 0
0.309088329003429 0.9699427443802904 -0.0042639598617506946 0.0033033992485941915 0.008736466882454011 0.44694768949815405 255 0 0
0.23818256193784282 0.946832742161649 2.5770652677147184E-4 -0.0013508704087687572 0.007450950947240258 0.438999506202304 255 0 0
0.10922647184263715 0.9077062580251488 0.00408444920007437 0.0026044799676762844 0.008216167415843955 0.4459036047111309 255 0 0
0.4578443871758295 0.899952083322462 0.0011605706000642592 -0.0038136123169296397 0.009238333470706404 0.49046750276662693 255 0 0
0.14917348903912087 0.21079223700387298 -0.0017494851630099361 0.003787768603598202 0.006099321372078355 0.41737045205477663 255 0 0
0.45988190286695724 0.49384123463272805 0.002044274739575647 0.003639933352801195 0.006841684834060111 0.44869608662776933 255 0 0
0.3675027127200251 0.37040512367542133 0.002426399294081909 0.0027023678081704583 0.009484994166017186 0.4625938526845106 255 0 0
0.338816658438868 0.4931699231681894 0.0019733585787414963 0.003569642394545251 0.00783797929817099 0.4229089972418166 255 0 0
0.09456052980038024 0.27367324044768915 -4.696743474504215E-4 0.001456146191275591 0.008977715055592132 0.496486522082321 255 0 0
0.3328186321287492 0.7434029835292479 0.0017780348268321509 -0.0018241218502256205 0.007112618367930475 0.4120882908256818 255 0 0
0.12086683926090516 0.32746368324286546 -0.004347552982629134 -0.0027135373644547956 0.006743072059279772 0.41712411140037037 255 0 0
0.191835479865288 0.4904273897350194 0.0026623575457860827 6.923876162765828E-4 0.00570409857308777 0.4320351411931159 255 0 0
0.27425846182593583 0.8221835808459803 0.004119487661027572 -0.0045505407154562616 0.00930013730992842 0.44821629112522227 255 0 0
0.28936127618398433 0.3682567446542752 0.0013273689783323394 -8.033445789255049E-4 0.005913448179293242 0.454546215376603 255 0 0
0.16185280715142839 0.6001085082204769 0.0033636358182588975 4.4767817021785193E-4 0.006135161111652862 0.45531907401140326 255 0 0
0.06813101391830875 0.6973221052127327 -0.004551969854019007 0.0032561128568291834 0.005191094116293217 0.4837391979192337 255 0 0
0.3833582682763431 0.2712167950142952 -0.004552805437950343 0.004847410817419088 0.006632114441256956 0.4499332940177474 255 0 0
0.2420388427840077 0.3592974121963212 0.00397750806003942 -0.0045210095247866355 0.005459336557838914 0.4501274276797809 255 0 0
0.07083204263794866 0.9679456685777701 0.003198004401124675 -0.004193675772132458 0.005945533263921108 0.4183880199761427 255 0 0
0.17671474698899806 0.14784353222265087 8.246572520195193E-4 0.002626488245833172 0.007892856479240241 0.4179850392772565 255 0 0
0.036685256875601084 0.4687226295337797 0.0034516727497427317 -0.0037614548610768062 0.005289757491324034 0.4445366344513998 255 0 0
0.3794559995478256 0.29809342937445266 -0.0020397020351658446 0.004468335204932595 0.005762699002561832 0.4758603919122846 255 0 0
0.3565596868388021 0.40856323450146564 0.0018751558995897784 2.8853348344531557E-4 0.008686038261051817 0.43679717536940654 255 0 0
0.2855967178932282 0.9111384742238408 0.004955158349086765 0.0030266917770655636 0.009750924865297838 0.41378698382656287 255 0 0
0.4766492743841144 0.3534637395859812 0.0012622618168727983 0.0014667066375965154 0.0064951181762611596 0.42094748441129615 255 0 0
0.352910084932484 0.9332126689322823 -0.0036628815540691176 2.537504041166148E-4 0.006163636922045568 0.4838074449048973 255 0 0
0.3761141042900904 0.18375458357402855 4.5147491013967055E-5 -0.0035810764995734294 0.0060677746099506895 0.4203395709614931 255 0 0
0.34827506721728446 0.9427100363525294 -0.004022347675930567 -0.0014737322850958477 0.008709340270548977 0.4928676220606227 255 0 0
0.19443366797750364 0.2300183755877797 0.0010569115666700301 -0.002141423182486628 0.0065694482512385875 0.41482653852929274 255 0 0
0.2516007558588779 0.20160706952725865 -0.0010228637905954152 -0.004384336015011101 0.008967609088004173 0.48895417588105733 255 0 0
0.2908703318934948 0.8536130828565601 0.0023088897258912756 -0.0033158200026452223 0.00847745998692091 0.44869930537720437 255 0 0
0.2908883801861706 0.6813002844613835 -0.00378404784812742 0.0040052067276228785 0.009349783525103069 0.4725404806240614 255 0 0
0.13866341351107428 0.14227932132111487 0.001712280130689219 -0.004263021724834996 0.008410455303286355 0.44630928093230815 255 0 0
0.43932273524205057 0.796305874179389 0.004873084957370279 0.00357619277196057 0.005248935612742988 0.495972101630568 255 0 0
0.25014811187510994 0.8197475888147563 -0.0037227577992217384 -0.003977746678557266 0.006829595782842077 0.49180704353225757 255 0 0
0.23042147566017693 0.33270648607371583 -2.138249123539923E-4 -0.003227069400353043 0.00519059354226895 0.4033644239784974 255 0 0
0.2606931682355651 0.06669875001364638 0.003363623639759444 5.246319776680388E-4 0.009749649334336339 0.4365559597897214 255 0 0
0.20053233002469906 0.5816672632993547 -0.004463245171192324 -0.0036182859043625993 0.009128728314334983 0.412901517141397 255 0 0
0.22917505125990764 0.39886927018142093 -0.0029640071633149647 9.918495564260896E-4 0.005915518630066703 0.4142836673439133 255 0 0
0.20935532985158026 0.5417808777644197 -0.002408339409199747 -0.0019781257530946663 0.005583258344845995 0.4521166580805181 255 0 0
0.08065576048019928 0.2865292263022319 -0.003508338326157953 -7.569425907476088E-4 0.007935872279991197 0.4699131204327696 255 0 0
0.31867837831717083 0.7574388650377613 0.002716383259020144 0.002347378365127298 0.008085840830394432 0.42480136930286183 255 0 0
0.3830056714251686 0.307999418423524 -0.004116092384922149 -0.0033230899029194063 0.009620432965751404 0.44326893499041614 255 0 0
0.027151708539897703 0.1938641216324337 0.00419837900522515 -0.004204651889083848 0.005389972648510316 0.4156312173989688 255 0 0
0.4334118772959246 0.5483109425362416 -0.0043463903915969375 0.003711300719887174 0.0072411065769601365 0.49348359597511543 255 0 0
0.10468818314285323 0.6728766279155122 -0.0038218685816455477 0.0034932444463117 0.008109432828531628 0.42541306127066975 255 0 0
0.05303685939208651 0.9625483432115228 0.004711040492115477 0.004880761490126804 0.009629517810896658 0.40393201281695224 255 0 0
0.32396311069588823 0.6869023310035187 0.003583023445108343 0.003649371346062827 0.006875856992992304 0.47604978865904857 255 0 0
0.44854143858399714 0.6818548093852196 4.75561412566875E-4 -0.004750820227553571 0.0059346546638970946 0.4709018279141917 255 0 0
0.208499204492053 0.2721723739682321 -2.0616376048642176E-4 -5.982685170854004E-4 0.008751741339094291 0.42988504032251434 255 0 0
0.11776031648279763 0.5885153966444785 -1.1551122135380117E-4 -3.3537293574627865E-4 0.005494202378605771 0.45196078459149297 255 0 0
0.2069587309561394 0.3354975204681846 0.003245968283295775 0.0016881619304344635 0.009499430450136069 0.43303178765811545 255 0 0
0.03351738785739038 0.804971853988336 -9.765850147672494E-4 -0.001810266170023557 0.006621783926706412 0.4321113597631391 255 0 0
0.12152687868358128 0.6724399393656129 -0.003322777284370305 -0.004773930490426733 0.009389653968061339 0.4166050596583633 255 0 0
0.15439281417427606 0.9500600591198652 0.0020087822909773713 -0.0012148134551723299 0.00517970439864213 0.45732677464108284 255 0 0
0.16465691704955052 0.24814205419161242 -0.0013187160651233075 -8.470293870846968E-4 0.009534931638766692 0.4734705179537803 255 0 0
0.30420242586012297 0.4341985670678126 0.0011695227648571794 0.002005564022751629 0.009592931021961227 0.4859414216414856 255 0 0
0.0929594704005541 0.3355100133144418 -0.0033892321059600717 0.004279439737029538 0.009253676531406924 0.4711869647389645 255 0 0
0.3930246711311904 0.9336942092797352 4.280941676475499E-4 0.002085869290059176 0.0064649231268392275 0.41862260223792636 255 0 0
0.26965501811723996 0.05888618227677103 0.00269599423866162 2.4394937175113186E-4 0.007710082124365522 0.46426231808343593 255 0 0
0.04180944118285644 0.8627684448196017 0.0020722584324849302 0.004353753603279471 0.005179558189601681 0.487279460050255 255 0 0
0.2777703915177001 0.8547832889513369 0.0015053992362752504 -0.0018655094905697424 0.005032889459018456 0.43065892069373646 255 0 0
0.1599271755674877 0.7103453034979732 0.003837460390614461 3.9657308114125593E-4 0.0058157835713986555 0.4122688045108904 255 0 0
0.3451468361276227 0.5346895609826561 -0.0034292346903279994 -0.002645263694611678 0.009292884437534923 0.4786755656038785 255 0 0
0.1704661263999172 0.04707953151231994 -0.0016143134584489026 -1.5594564754110602E-4 0.00736275746296198 0.47563648978145967 255 0 0
0.16933868987792802 0.13839258778086366 -0.0028647802622194475 -3.370835389055341E-4 0.006114487409384583 0.4508999038244234 255 0 0
0.261659610254762 0.07654088059515757 8.701946394900932E-4 9.96490750370592E-4 0.007603122749790586 0.4058869281154415 255 0 0
0.14561879910054515 0.5597062113592755 0.0025542111967344463 -0.0016005488674136958 0.007311050912668163 0.4918664036319742 255 0 0
0.30452451672976044 0.2029081442347035 0.0023165207531364394 0.0018350274745003317 0.00713069378541857 0.42690213485365125 255 0 0
0.10456830321699694 0.9299231922795187 0.001889443148428557 -0.0030552108175840977 0.008766494245215582 0.4453713819313189 255 0 0
0.8166164226820172 0.7359639670420538 -2.9713108319792914E-4 -1.805263345729211E-4 0.007786214322027394 0.49013575301466694 0 0 255
0.9771150237877524 0.2377529895572124 -3.169923230100758E-5 -2.588216851906632E-4 0.005837654425965904 0.40608806488055127 0 0 255
0.5497559637348979 0.5526186500955981 1.1455617570292262E-4 -2.93717473069397E-4 0.00533098350050203 0.48508624957958923 0 0 255
0.8043967642577083 0.4479421268993846 -4.2162701752995724E-4 -1.5226741953286693E-4 0.006822248966052108 0.468191016174193 0 0 255
0.5956552216757529 0.44262964813455563 -3.174215617364693E-4 8.345594628148142E-6 0.007433023345347533 0.4083075255075989 0 0 255
0.8174621843148164 0.9742119031379461 -2.5800039803620744E-4 9.586216010207889E-6 0.006526596600915575 0.49114069239808245 0 0 255
0.8775723050541783 0.7046192985028193 2.330797651549449E-4 -4.5926965154592105E-4 0.006014099709052688 0.46584398442252506 0 0 255
0.8875838527817158 0.12558574368541844 -4.5268914337474875E-4 2.612783887909055E-4 0.007675254412748626 0.4395952980188559 0 0 255
0.7484462149575903 0.7669327880968677 2.5038990788590367E-4 -4.981889332310783E-4 0.007698286266734508 0.48798107205312896 0 0 255
0.7918447280039125 0.3586157529805002 4.102470211394309E-4 -1.4914007523368E-4 0.007831486311261555 0.4506084969886093 0 0 255
0.5464137118380383 0.06631418624905983 -3.1906407219010636E-4 -3.9985167358829083E-5 0.007513899507399328 0.448581175081176 0 0 255
0.6106709938001865 0.7514560737904395 3.508673701143383E-4 -3.344830307759601E-4 0.008642984153622971 0.4368379636672485 0 0 255
0.7071836764121558 0.5658167855102055 3.1991061760835006E-4 3.8796213645329555E-4 0.009130509127653855 0.4040286851818361 0 0 255
0.9341210361467343 0.06916749948361339 -3.071697044532471E-5 1.5531845115131498E-4 0.007591523416283103 0.44943114977541565 0 0 255
0.5994439920159471 0.05180139379396426 -4.3844860460545145E-4 2.17970899996259E-4 0.009761367170591305 0.4989369336159888 0 0 255
0.8620018736405397 0.39307575171289283 2.580243442992839E-4 3.545447695167865E-4 0.0050082405965041505 0.4985710734449604 0 0 255
0.8743001432241175 0.2783133684814786 9.173418086710797E-5 -3.3269389941250596E-4 0.009428977942592991 0.42727362994721485 0 0 255
0.5592711909012801 0.14044324035477576 4.823793156418115E-4 4.634297740809825E-5 0.005917979478073777 0.4633562819223979 0 0 255
0.6426937865121918 0.7255670486054697 -2.568112359487059E-4 -5.0277852846487326E-5 0.007577665128166688 0.4884402984500839 0 0 255
0.8326949531161496 0.24415142279453744 -2.0128315881819635E-4 -3.435061937256285E-4 0.007296658060089206 0.41575564846295515 0 0 255
0.6758239145207547 0.1677036092040834 2.1899370097277972E-4 4.51758102875684E-4 0.005021875231615223 0.43809516891414974 0 0 255
0.8273669152364025 0.2155286908537496 6.303446677203423E-5 9.586430296008744E-5 0.006564871177950218 0.4358199519786791 0 0 255
0.6227924879482325 0.0834256328992663 -2.8088985506230643E-4 -4.920888879547129E-4 0.00594258899440802 0.40313784217404847 0 0 255
0.7424585929321991 0.7368959057193651 4.079475522254523E-4 4.986590458733345E-4 0.006598944258623179 0.4071486991282818 0 0 255
0.7370204385791445 0.8315499262908814 -3.224342911192981E-4 5.8226233642423315E-5 0.0080865960352134 0.4092779697823421 0 0 255
0.5744544396340595 0.8038394042572287 -3.639375835919798E-4 -3.751276580340032E-4 0.006217419187512442 0.4528019759572127 0 0 255
0.7784293566477118 0.5719562987920367 -1.6549885943488527E-4 -2.8499380157631486E-4 0.009484518761338642 0.4579891036737222 0 0 255
0.7531392134495423 0.2606588274318491 2.911538589598947E-4 -3.8961785788821867E-4 0.007996454715623954 0.40241356985804894 0 0 255
0.5319583144613623 0.14084924737892868 -2.7235621346273E-4 -3.977425125064564E-4 0.0068833575779390565 0.48740276905561875 0 0 255
0.9407407356642783 0.6858743730727492 4.257925824771733E-4 -2.4308369864330603E-4 0.007381886237079655 0.4712029902986795 0 0 255
0.8346844955462609 0.8076852721729327 3.91873804151602E-4 -2.3784596610853457E-4 0.009687959696949237 0.45882670849241725 0 0 255
0.6178933444777118 0.4281158949274663 -4.14954100526393E-4 1.566602274499613E-4 0.008398693672424738 0.48090042637580155 0 0 255
0.9136404780004455 0.20955725058973845 -3.965995321151643E-4 -5.278633969190414E-5 0.008523196169862829 0.42707517597139666 0 0 255
0.8614739215517808 0.28615344188755437 3.7060063643147545E-4 1.4256427532608027E-4 0.006810388515381142 0.4612900958927653 0 0 255
0.5443703815945473 0.6172644301740325 3.9666725789064413E-4 2.3504602442260363E-4 0.009564768670439152 0.4786780625731663 0 0 255
0.5888739906461954 0.9502667573679898 1.3813458957417002E-4 -1.5455145217017284E-4 0.006351334107357907 0.4391438062192866 0 0 255
0.8063411369189653 0.7957336499204802 -1.8254353963208372E-4 1.1444573433747626E-4 0.009541444506513602 0.4572894893561752 0 0 255
0.5609083449673505 0.9155881795330818 -8.701142203572978E-5 -4.7720885501514724E-4 0.007644274180479145 0.4487580181281735 0 0 255
0.575524454175154 0.7198958975098407 -4.523496280703501E-5 4.972676634618502E-4 0.006785156802006011 0.44024551085958896 0 0 255
0.5413220960525108 0.06149150138101596 4.851685064171233E-4 -1.9837416090433637E-4 0.007623352629274239 0.4851240640541541 0 0 255
0.9167892272117111 0.8955586362689437 2.168755927588193E-4 -4.900644725694443E-4 0.005897784781744425 0.4842243810739494 0 0 255
0.8647450282085443 0.58453639111127 -1.3556713141460008E-4 -4.5073654790612474E-4 0.009709661886457489 0.46695257824433856 0 0 255
0.5591934889671374 0.6932527966344774 -4.1635260278126873E-4 -8.840027633795868E-5 0.007514565313808209 0.42134178853150006 0 0 255
0.8269536194178774 0.3559156686232082 -1.603020499168071E-4 -2.494091747774874E-4 0.0066318708553928865 0.48233962720717266 0 0 255
0.7558388904562613 0.7714703604895421 1.7740433097974669E-4 -4.271267479815233E-4 0.005273969023286233 0.45976736567207355 0 0 255
0.5214380461209053 0.7677902394284338 2.942193958825689E-4 -4.705100804808228E-4 0.008648734111681244 0.4548034221320648 0 0 255
0.8866503640241343 0.06414597552894793 -5.1102120274696316E-5 -3.702603416194935E-4 0.009452504622817014 0.42507769137157825 0 0 255
0.6645329109128063 0.936333888534624 1.7898545598330666E-4 3.044589822436373E-4 0.005013298999923211 0.49173689822891425 0 0 255
0.6772675556832536 0.7356736345561979 -4.273250393565229E-4 -2.9835975583431684E-4 0.005790302326207707 0.47006488083420433 0 0 255
0.7377575253515447 0.34274784882293735 -3.585160453848707E-4 1.4806518293307056E-5 0.005820378975472155 0.46101284730459907 0 0 255
0.7001837511456436 0.885187041186186 -2.1221752659452765E-4 -6.908762175376616E-5 0.008819454781528627 0.48159881166567037 0 0 255
0.5705229532924111 0.21694212265196622 -2.545189487805282E-4 3.9382807474362485E-4 0.009899373991258991 0.4845447206445431 0 0 255
0.9753425401694441 0.9302695011949932 4.050905701845324E-4 -4.373352888912805E-4 0.006511982368446153 0.42339489451956264 0 0 255
0.9489998798407213 0.2020186971026116 4.996771431280318E-4 3.991647017709952E-4 0.007153773280095454 0.4400475989354966 0 0 255
0.7366015072434349 0.7986971864360661 3.1620360267498883E-5 3.398386330615888E-4 0.00728791719549431 0.473168226644973 0 0 255
0.7277032099127667 0.36112854903510966 -4.6091871808823004E-4 1.3808130333456436E-4 0.005706686018793871 0.42406023650702607 0 0 255
0.7777963449405895 0.8252561270121658 2.3511105996279914E-4 1.376202120747823E-4 0.006366387568119429 0.4416588864949426 0 0 255
0.7792358100617356 0.041712461153981834 -2.2732778032889367E-4 -5.330830068672808E-5 0.005388501396225361 0.4504805256036793 0 0 255
0.9375882816463794 0.3891124171278168 3.8866491650803347E-4 4.5303506147612764E-6 0.0061037133767059375 0.49939199257818867 0 0 255
0.6446455702955117 0.7355729043608109 -3.7560924089504534E-4 -3.0280315434661473E-4 0.00949828847211468 0.43943305861692233 0 0 255
0.9658516793015853 0.275650633717544 -2.0434112999494512E-4 1.1443490706607694E-4 0.009342409688222425 0.48479009853202426 0 0 255
0.7219868831235221 0.7466614717355463 1.5173482456199664E-4 -8.400862177071331E-5 0.00638480388362489 0.49122897234756846 0 0 255
0.7960579872367716 0.8651347316850454 -1.0078635994573848E-4 6.438124462312446E-5 0.0058936244243383475 0.424384363559395 0 0 255
0.9739390432758097 0.6419045768825726 3.272047063725297E-4 -1.0196757186788818E-4 0.006225983348229236 0.43949458378789436 0 0 255
0.747936578680587 0.37898208643461095 4.28362854554245E-4 4.775806849049325E-4 0.005092923211165261 0.46237490619182336 0 0 255
0.6267210738737747 0.11382675057713865 1.1257328414126643E-4 -3.008452622266715E-4 0.0064375490123440415 0.436236756220149 0 0 255
0.8626417987339192 0.03287929499877393 2.2466584458970468E-4 -1.09783962005765E-5 0.0069054636763774945 0.47266955010176376 0 0 255
0.6520539523004293 0.14716917482732647 -3.555683334862771E-4 -3.2194623676681377E-4 0.006411877052332376 0.439679373747389 0 0 255
0.6287304136231165 0.6944056041726009 2.2835958468783106E-4 4.0311082362391715E-4 0.00531148576138769 0.41178421317435887 0 0 255
0.7115581629441312 0.6151377781450588 -1.1831176890535298E-4 1.434486109815167E-4 0.008777520889907485 0.45314664292504026 0 0 255
0.7314522266273285 0.5212678667768776 -3.1775294698964873E-4 1.184059691417518E-4 0.00567667827254538 0.46561695520931806 0 0 255
0.5787360669932338 0.5543537704446589 4.4167470890020175E-4 -3.605244435431581E-4 0.0050778001951358315 0.4000854293065728 0 0 255
0.7101812536136267 0.1846874895867362 3.437021660240673E-5 -1.8608510038486292E-4 0.007504363127852633 0.4471117293510093 0 0 255
0.737575334175312 0.14101562902480674 7.124019003572032E-5 4.736511538579271E-4 0.008693618812659036 0.4165101585495604 0 0 255
0.8992639814842665 0.30091834750138946 2.871182819250257E-4 -1.1539745561599469E-4 0.005377571662268887 0.41520670974238894 0 0 255
0.7888214289821063 0.534220651567606 2.6269018310924E-4 2.5678404447254546E-4 0.006981184263356031 0.4977202717229826 0 0 255
0.8561353252969877 0.8423115076108288 -3.4922777082234933E-4 2.0065981468979659E-4 0.009028972829377247 0.4082159984399094 0 0 255
0.9151038570819405 0.2658299022308437 -6.834580179986726E-5 4.830032713893258E-4 0.007959560466399822 0.4510816423088725 0 0 255
0.8272522285430324 0.09778019428049035 3.1358970894022084E-4 4.4575287534441826E-4 0.00832524112172284 0.4169224261225073 0 0 255
0.7243624946042904 0.4996997594430683 -1.7505733412601966E-4 -4.693906709027601E-4 0.009465990070237072 0.4809796799867763 0 0 255
0.6272191692953146 0.7209562172409107 -6.161558571403137E-5 -4.361145139011511E-4 0.005519840035374746 0.4641630684793562 0 0 255
0.8674073030402183 0.5765390762426545 4.211796705603784E-4 -8.925552205811137E-5 0.005498683929763608 0.4657433974139979 0 0 255
0.8294287519624985 0.14276617771402444 1.371568323869155E-4 -2.87329096120805E-4 0.005414325331179556 0.4085679959176822 0 0 255
0.8299560817300733 0.2040896804536574 -4.745251435851349E-4 1.3091677394620738E-4 0.0054872811234732335 0.4794059688967799 0 0 255
0.6876151083837212 0.7735935075117892 -3.393159416175565E-4 -4.172758046743115E-4 0.009073159077160243 0.4503666718046323 0 0 255
0.912131978649424 0.6457646803137532 -4.5837502590697986E-4 1.7420187213250393E-4 0.007470440695684205 0.4636088243711024 0 0 255
0.8069168445570785 0.21863006755054057 3.6907822034882676E-4 -1.4503434926433538E-6 0.008460653953279744 0.4868053660000222 0 0 255
0.5891639455305511 0.7043171916750942 -4.6868897007002565E-4 3.2248591474379846E-4 0.005618035588062493 0.4667726946551765 0 0 255
0.6003706003750156 0.21845800591080025 2.2217488510596476E-4 3.657121183499682E-4 0.0078110551447047654 0.4437227890567655 0 0 255
0.8359202203046352 0.7505487902594262 -3.605153253617739E-4 -1.2659883668771066E-4 0.006212175074180375 0.438850399040247 0 0 255
0.9222053841241404 0.885340553745877 -4.5478643785335063E-4 -2.2775506581586258E-4 0.0077038943752157155 0.4982101225419391 0 0 255
0.6549164601475974 0.9505054496202469 2.786131097821452E-4 2.1564584464604678E-4 0.009096791210801224 0.400542637829306 0 0 255
0.9228822358494035 0.5141378178306196 -3.143750865070101E-4 3.8916196613826874E-4 0.009696638994208808 0.4050354736143866 0 0 255
0.6525771340408946 0.3580453046428735 -3.783210267624458E-4 -2.6383156279449917E-4 0.008719782676100928 0.49579938795664713 0 0 255
0.6825228059477463 0.16520104076919528 -1.1915940985348815E-4 2.456040472222145E-4 0.007965287741706305 0.4466417571931897 0 0 255
0.7417900974283627 0.6231008006562566 4.5480790110539223E-4 1.352354585071855E-4 0.005224715729111515 0.4857459615852897 0 0 255
0.6091948341248722 0.8250362295426211 -2.9510769765408887E-4 4.785653996217359E-4 0.00972094900060924 0.4430308042716813 0 0 255
0.5901814692406917 0.3593948028203945 2.851233177416049E-4 -7.83086629288542E-5 0.006600841962697952 0.45086416398769064 0 0 255
0.8364715525400823 0.36896584349575806 -1.4683003497319212E-4 -2.2469103071131414E-4 0.008206570820111841 0.48372553783725164 0 0 255
0.7030492516550343 0.9188080807165606 -2.1209592301807954E-4 1.507577186077631E-4 0.0076706982857513185 0.4363254032375896 0 0 255
0.5 0.5800000000000001 0.0 0.0 0.02 100000.0 0 0 0
0.5 0.62 0.0 0.0 0.02 100000.0 0 0 0
0.5 0.66 0.0 0.0 0.02 100000.0 0 0 0
0.5 0.7000000000000001 0.0 0.0 0.02 100000.0 0 0 0
0.5 0.74 0.0 0.0 0.02 100000.0 0 0 0
0.5 0.78 0.0 0.0 0.02 100000.0 0 0 0
0.5 0.8200000000000001 0.0 0.0 0.02 100000.0 0 0 0
0.5 0.8600000000000001 0.0 0.0 0.02 100000.0 0 0 0
0.5 0.9 0.0 0.0 0.02 100000.0 0 0 0
0.5 0.9400000000000001 0.0 0.0 0.02 100000.0 0 0 0
0.5 0.98 0.0 0.0 0.02 100000.0 0 0 0
0.5 0.42000000000000004 0.0 0.0 0.02 100000.0 0 0 0
0.5 0.38 0.0 0.0 0.02 100000.0 0 0 0
0.5 0.34 0.0 0.0 0.02 100000.0 0 0 0
0.5 0.30000000000000004 0.0 0.0 0.02 100000.0 0 0 0
0.5 0.26 0.0 0.0 0.02 100000.0 0 0 0
0.5 0.22000000000000003 0.0 0.0 0.02 100000.0 0 0 0
0.5 0.18 0.0 0.0 0.02 100000.0 0 0 0
0.5 0.14 0.0 0.0 0.02 100000.0 0 0 0
0.5 0.10000000000000003 0.0 0.0 0.02 100000.0 0 0 0
0.5 0.06 0.0 0.0 0.02 100000.0 0 0 0
0.5 0.020000000000000018 0.0 0.0 0.02 100000.0 0 0 0
